0 0 0 0 0 
0 0 0 0 0 
0 0 0 0 0 
0 0 0 0 0 
0 0 0 0 0 

4 0 -4 5 0 
0 0 0 -2 0 
0 -3 0 0 0 
0 0 0 8 -2 
0 13 0 0 0 

0 0 0 0 0 
0 0 0 0 0 
0 0 0 0 0 
0 0 0 0 0 
0 0 0 0 0 

9 0 -4 0 0 
0 0 0 1 -1 
0 0 0 -4 0 
7 0 5 0 0 
0 5 0 0 0 

0 0 0 0 0 
0 0 0 0 0 
0 0 0 0 0 
0 0 0 0 0 
0 0 0 0 0 

0 -4 -2 0 3 
0 0 0 0 0 
0 9 0 0 0 
0 0 2 0 0 
0 0 0 0 0 

2 -4 -2 0 3 
0 0 0 0 0 
0 9 0 0 -2 
10 0 2 0 0 
0 0 0 0 -2 

5 -4 3 -2 3 
2 0 0 0 0 
0 9 0 8 4 
10 0 2 0 0 
0 0 0 0 -3 

0 0 0 0 0 
0 0 0 0 0 
0 0 0 0 0 
0 0 0 0 0 
0 0 0 0 0 

0 0 0 0 0 
0 5 0 0 3 
0 -5 0 7 6 
0 0 0 0 0 
0 5 0 0 0 

